;pc1;pc2;pc3;pc4;pc5;pc6;pc7;diagnosis
0;9.192836826213222;1.9485830707786171;-1.123166164925151;3.633730897419139;-1.1951101242170687;1.4114244518030559;2.159369867770196;1
1;2.3878017958022157;-3.76817174206757;-0.5292926867404248;1.1182638623273675;0.6217749802052762;0.028656354525269975;0.013358093546658692;1
2;5.733896279731697;-1.0751737966209112;-0.5517475931812093;0.9120826710188221;-0.17708589843163372;0.5414521472561741;-0.6681664837396047;1
3;7.1229531977088865;10.275589121812803;-3.232789547975105;0.15254703016111518;-2.9608784018284804;3.0534218246170837;1.4299106992325807;1
4;3.9353020736780917;-1.9480715678001779;1.3897667263118882;2.9406393466998435;0.5467474017693266;-1.2264946427263943;-0.9362125458835711;1
5;2.3802471503459364;3.9499288955501655;-2.9348767932958224;0.941036871510756;-1.0560419315215428;-0.4510386519750515;0.49044511571859395;1
6;2.238883308052404;-2.6900312772980643;-1.6399129289299468;0.14933988773219697;0.04035951797864641;-0.1289484343695866;-0.3015674457450711;1
7;2.143298500377546;2.340244006949545;-0.8719472621970087;-0.1270428573145524;-1.4274366729137158;-1.2570391922409234;0.9740998490315615;1
8;3.174924293083733;3.3918129518468443;-3.119985910378654;-0.6012970531658943;-1.5222903919203805;0.5595447276551325;-0.2151036995934634;1
9;6.351746789526092;7.727174066864843;-4.341915813265788;-3.3752015799434716;1.710263142440936;-0.7239087403159171;2.519839824474648;1
10;-0.8104137708452935;-2.65927549768696;-0.48882979387458825;-1.672566564137261;0.2758115691395763;0.1273318387398139;0.6250123175381564;1
11;2.6511004772423976;0.06656792656644833;-1.5264552984284534;0.05126156174295351;0.33195111557129225;0.7648666377047457;0.6660924496743905;1
12;8.18503445814795;2.7009764926129685;5.730230807404694;-1.1122565548373584;1.0434704479700398;2.5945712431253827;0.941497350178059;1
13;0.34212591399015196;-0.9682792608579326;1.717171583773335;-0.5950029515744056;0.46801050991252624;1.0076601120936752;-1.799081151879846;1
14;4.342379194647858;4.861083312492759;-2.816115538733419;-1.4545570349674535;1.2900628482845704;-0.3497162379130188;0.7428804951154866;1
15;4.075656175346033;2.977061180367686;-3.125274148896747;-2.458070856747971;-0.40834212239315376;0.49577797892529907;0.9150568590202585;1
16;0.23005501571000395;-1.5647577252734428;-0.8025191537880173;-0.6505829141841308;-0.49471104987949155;-0.7621910180301377;-0.08684701919719245;1
17;4.418010915982989;1.4186703334195137;-2.270319030083016;-0.18627241456690635;-1.4238611922717392;-0.7524893109854565;0.4419848497911026;1
18;4.948703550565104;-4.114333524964813;-0.3147491107333604;-0.08820651787104652;-0.05671517579036708;-1.1376888534383116;-0.25128286196935096;1
19;-1.2370633569552276;-0.18821495375647684;-0.5932834977755054;1.5963460972617483;-0.4421542344087279;-0.048636781110696505;-1.2016874481712052;0
20;-1.5781612348121759;0.5728081925090127;-1.8014467053426635;1.125275726780626;-0.395269733407481;0.4308412527140677;0.33848365971527244;0
21;-3.5573363735500094;1.662949903624244;0.4511874472016376;2.073764683191491;-0.4907464991318345;-0.77006834821733;-0.19103873699687632;0
22;4.733210788209762;3.3049637282937696;-1.4665366905115775;2.0411500839765178;-0.026220122148075314;3.02304386003555;-1.0071797496347688;1
23;4.208524209049891;-5.128366513937136;-0.7524020249978445;-0.8627102694525537;-0.47096791574105024;-0.5958404334797712;-0.07482841270461214;1
24;4.949632073983735;-1.5437522881334163;-1.7131939317219005;0.04675916638472034;-1.7392301992461772;-0.8128796202763054;0.8003053281361625;1
25;7.0985628549120525;2.0186103371086257;-0.029009635418771974;2.5879506036805378;-2.03933991780849;1.1842014785027473;0.6018535054736714;1
26;3.510262603971833;2.1716251156448356;-3.8945464144583033;-1.2957596791007058;-0.06821804219719681;0.7873573356314509;0.2899189758726614;1
27;3.064053886063114;-1.8765523476875179;2.581747701141344;0.12848441550210435;-0.11666512663457192;-0.9075950598840856;-0.6458347560279883;1
28;4.00726414365583;0.537242160529562;-2.7616256345495067;-1.8983875071122542;-0.5256728952674119;0.19284876992607222;0.1611302170203299;1
29;1.7153097265431392;-1.5237050229684301;0.14618709369793065;1.9113864109761287;0.5361232437205019;0.03625982379077448;0.1840303776106005;1
30;6.059445513505041;-0.757177450879117;-0.34923939951626376;-1.0642175341348326;-0.7461052508461152;0.24208034711180904;0.46197675501386615;1
31;2.90223610499978;4.00529551237486;-3.001462457644205;-0.32531637954508585;-0.8553558362463914;1.2346794017488456;1.978088443008544;1
32;4.554782688815771;0.33753615390505426;-0.7543008027122925;-0.7003299807221237;-1.5485453357926688;-0.19100756711943623;-0.8895841127080101;1
33;4.990602722476013;-1.13258890569208;-2.577384169221547;-1.2172617831435726;0.6699148757044706;0.26747897857172714;1.0326168593628282;1
34;2.985340788970854;0.7584232425067473;-3.4937617184101475;0.05426029028961308;0.16709995161444519;1.0017865202128406;0.7707720248202218;1
35;2.766369157777751;-0.3543559424727823;-1.8969629974614717;-0.5342558740827265;-0.8840204421825423;2.0110356612488394;-0.7205951332345099;1
36;1.2961987650208189;0.9131962762388747;-1.5757686737497711;-1.0431666396291204;0.41472171567727517;0.5685950133792642;-0.1427209007913779;1
37;-3.7493133959384854;-1.4134731176425195;1.7323077927931227;-0.5654425488546019;0.08033942716600573;0.2902689209439077;-0.8050396064224733;0
38;-0.998068900880094;-3.3512929231738138;4.30557384015803;-0.561209616275137;-0.4643728010084662;-1.4944563854076993;1.2802547745841169;1
39;0.7652641153962599;0.886243952880326;-2.704918312763383;-0.27477974977207315;0.810429444265723;-1.037350856203586;-0.1777244034394839;1
40;-2.1509534707304185;-1.9239916158362216;-1.1804841584142824;-1.1131980271037367;0.4484717380841839;0.9291124825252486;0.0418725548964981;1
41;-0.0933313865672118;2.2607520061931705;-1.90472648190666;-1.4423071234931784;-1.705363959979485;-2.122638445593661;-0.49697865159680327;1
42;9.087999677261312;2.0186730993370214;2.141226290644304;-1.069244022542445;0.7979314288466036;4.3110937198834725;0.43416547669300765;1
43;0.9904537655030485;0.9849300203816994;-2.3107336560423937;-0.2768255074628624;-0.640510984803397;0.2427816940548318;0.6137734900190518;1
44;-0.2935465509280984;-0.13709909082096328;-3.3019319207789217;-1.0097858647198108;-0.02251088181063274;0.11014620004847438;0.23360423402000705;1
45;5.380940406937092;-0.1348769776851707;-1.6788425626741101;1.5076949095842884;0.151998207047625;0.4239048123585058;-0.788174533968744;1
46;-4.581936672186451;1.484220317772358;0.042074611612046106;0.2962291294115238;-0.7138525125300127;0.5759267601744853;0.22320193522419063;0
47;1.700006886837167;2.3522717936592605;-3.0780890942518506;-0.06602095276022109;-1.056466408749603;-0.2821096280711293;-0.160620446907594;1
48;-2.1364452772841;0.09582960948792899;-1.492411889121495;1.1210632056051364;-0.06803722858499582;-0.6934917304824676;0.1973340196572622;0
49;-1.5674789972081589;-1.2084332137934006;-0.3691591057591;-1.4756288221072802;0.17275043757655262;0.5452839168251528;-0.6844790320531163;0
50;-3.5429055574637474;-1.2824955784727383;1.0182109359875768;-0.6081562387040489;-0.21963592240094454;0.2662478828606644;0.45403709642147677;0
51;-3.157814050181376;-1.688958595538925;-0.49629371823289814;0.19401210290028972;1.4399175504094435;-0.25653873733911553;0.4453354016033932;0
52;-3.450488543515911;-0.4982187141501251;-0.15251795711357954;0.5754864186421969;-0.05231488099961664;0.629890885462656;0.0608270895115693;0
53;3.302550951378984;-1.1309378049443086;0.8263925990465825;0.982717012132999;-1.1952630043010377;0.7078496853622089;0.6485099598122017;1
54;-0.6746192855718294;-2.116409716864001;-1.396219748545838;-1.043138680321094;0.24181680158687344;-0.6566550554732523;-0.21545318376423375;1
55;-2.858158440046535;0.15272313623647502;0.42893494025200296;0.48306031856738596;-1.5105366077670284;1.2788638869578597;-0.39290832804629217;0
56;4.648738872436682;-2.310332570251566;-0.7288088562146785;0.6399416903912443;-1.158324487110698;-0.17859183391871103;-0.18550657315704577;1
57;2.176862882229086;0.9721160460019885;-1.943888333728984;-0.7373182874545606;-0.39578382169278914;0.462334083605439;0.5366816459463116;1
58;-3.7214589928321997;-1.7876416504638897;1.2799328199219817;0.11556576513185857;-0.5262823235110563;0.7057399314932614;0.4878069862322237;0
59;-4.135962943789869;2.403792485458974;-1.2429584053324572;2.0483464666830002;-1.1656524013418583;-0.9010594210799473;0.4068303316346418;0
60;-2.3858356631344555;2.7576581297264022;1.2140856312728014;1.7944891410105224;-3.338158035095833;2.5407836917151685;0.7464375539101519;0
61;-2.5788832519685028;3.138671922743858;1.400280185222637;-0.7638665290019601;-2.7840954721507742;-0.815735611919384;-0.3962581523997711;0
62;4.759112153866085;3.0116805063752268;-0.16624072170065707;-0.6058278290099617;1.1417013648878094;-1.2200670878485051;0.8200239853470602;1
63;-2.3141322493714975;3.267989679237225;2.7962242450184713;0.5657264357766832;-0.38183408865030194;2.9582835184817573;0.2105649565564035;0
64;1.6916079231689938;1.5406765571043726;-1.7998452353903807;-1.390589568195024;-1.2126749858135792;-1.243210852622203;-0.005788546736056936;1
65;1.8123054050069214;0.7227401911782779;-1.4662495705857042;-1.1987300424802996;-1.428041588969173;-0.7280624721898957;-0.5314264885986748;1
66;-2.785924756666442;2.3106487123078097;0.47272530276493113;-1.6071602853041909;-1.6128581571966734;-1.1895734718481612;0.1695271283141958;0
67;-3.518648339647646;-0.6583094692607124;0.5913749606899396;-0.01080268605944407;0.020589099113724706;-0.4057097475830906;-0.5269920401142231;0
68;4.330002649084519;9.202525685734644;1.4929628318845785;0.3199472953019711;4.728170550062231;2.215764311986051;-2.58106006346677;0
69;-3.2612794727724;-0.9378381203565236;0.20513001264545871;1.0900715280605286;-0.4603499551449137;-0.4343290557600395;-0.850075913599486;0
70;2.704596172630345;-4.4371417696187185;0.3073453854274214;0.4886928495823882;0.3724950414149463;-0.291800500833811;0.2834925540459622;1
71;-0.30785577047691803;7.387812177121237;3.819085980462645;2.1335558201906415;2.71070271541979;-1.6397583322628306;2.428361465090227;0
72;5.503705315293612;0.9383254150997182;-2.210131648116604;-1.5237960303634819;0.9248915309277986;-0.5400615928428695;1.5638649468223467;1
73;-0.36170919269359225;0.11973908634706334;-2.0409557912378853;1.0588839799185312;0.757109375802967;-0.9204476313794427;0.6977859267267494;1
74;-2.6299766385631775;-0.6973093686124096;-0.5839416361535537;0.3381815985912599;0.4675454420826352;0.034868955867676105;0.12012450433851059;0
75;1.4281675928953401;-1.9671014119007768;1.1119388562486558;0.7529108842722672;-0.5398817284085626;-0.9955632498580271;-0.9089201042621614;1
76;-0.834517881491032;1.9656048643396273;0.7904325392243203;3.437631194746379;-2.3545508991849458;-0.6131015511949393;-0.7763539232732376;0
77;6.23089651190265;0.9200695426759771;0.08982730993826238;2.5391587715347055;0.06213585118067664;0.6834713831491137;1.3998060624151418;1
78;11.668714648329647;4.7486172024098945;2.005879043213532;0.31904902522725076;-3.3913609729993914;4.880799012111582;-1.1554937649669117;1
79;-2.0215776584355445;-0.2548998339709138;-0.647872010294653;0.059251305590861336;-0.0548478655672478;-0.07241379892930119;0.0537027044167782;0
80;-1.6383849373649777;1.7159491138762573;0.43420625935944607;-1.527966230852889;-1.769381651395006;-1.5031909625971196;0.1436877447054785;0
81;1.1674616110726213;2.5145158500054534;-1.9057187542205645;0.6383115257183823;0.23618112736340963;0.13813368055393882;-0.32667924861005826;0
82;10.769242819274337;-2.2579828981058987;0.0388357893318871;-0.3893855447260149;1.1872885524098775;-2.1881603475539424;0.03560200948201892;1
83;5.034811085482774;0.7744091563670898;2.682338021663021;-1.6665041294486047;-0.31161959273405543;-1.4225484832138406;-0.04325569622995117;1
84;-2.174464309546205;0.49687798482026013;-0.9490918106995598;0.20721922236898344;-0.8853460634179876;0.8830402291064391;-0.2553122810861185;0
85;3.2882353847186003;-1.668237062050388;0.1469318456479727;0.4374930106680369;-1.3685699313512125;0.9680275798064804;-0.1538053397252744;1
86;0.6076079451777673;0.16221452495228134;1.6373748701509645;-1.1145116403760882;-0.5407952323073305;0.5678595246523224;-1.66278414628487;1
87;3.583563626063651;-2.206661839154871;-1.7045355935218325;-0.8012938767743127;0.36532208086906875;1.561464068949053;-0.19854261364204204;1
88;-0.9341581043944094;0.927701480930222;-0.04016365357748779;-1.3533988833242667;0.06494213874353807;0.2238992598109807;0.07698028199262082;0
89;1.2596046473494298;1.0155770702513416;-0.08059284619342474;2.0513348678345773;0.13752035846783472;0.8430410195220528;-0.17380790979327781;0
90;-1.5882639721786027;-1.619656828420441;0.3099992085044573;-1.091998887880387;0.053774097331648;0.3258045855910619;0.29981409016158667;0
91;0.2524975675268147;-0.5313515472449261;0.5893278268567627;-0.11053834181990449;0.4286811507578846;-0.19963462414842886;-1.727112977719119;1
92;-2.847431586696073;-2.8936475984331045;0.527988842787161;0.5988167319352529;1.4356969584135988;-0.29236715829688287;0.09586501295390412;0
93;-1.9649501129379232;-0.9651569880786821;-0.08120810697433274;-0.0940807376806493;-0.5500239296297421;-0.3213964074907211;-0.5682538818835751;0
94;2.775865569002565;0.5580005267658665;-0.6057712485730883;0.49983000956853446;0.4999056782268357;-1.0676465883262536;-1.0430722855912014;1
95;4.396227954702611;-2.1235077121568926;0.5795100081447108;-0.777413400704677;-0.30383406664650203;1.785125138787677;0.0004248032932624812;1
96;-2.5920828278053154;0.21363392991247696;1.0356115166431172;0.6620054452508276;-0.5407643597169531;-0.09693818737578547;-0.02254481426334458;0
97;-3.904338150152876;1.190066633793994;1.5519811851144147;-0.9357754813392435;-0.7081204027123396;-2.354003768909269;1.116765948733644;0
98;-2.818231213142343;0.36788398127761274;-1.3514356319292748;1.7384149224929497;0.2843214781212194;-0.43128264849428055;0.4849234391708501;0
99;0.6162808698250991;0.6389116690076543;-0.19991887351576257;-1.097498771049028;0.1186897340710521;-0.8539389876438848;-0.5065156956129472;1
100;-0.4328602208165501;-1.392044298773313;-0.08271948210071649;-1.9352799098833127;-0.034460534698514636;-0.5963271388556031;0.0029674927542084075;1
101;-4.555028840448147;3.528786017879093;-0.2152639587785136;1.0918856936364754;-2.7583489877260594;-0.9004926367735794;1.4128942192000653;0
102;-3.4481835412175106;-1.4246224557112572;-0.08872400425353923;-1.7107277786896584;-0.10661671241467581;0.3432393035851096;-0.23800667668665382;0
103;-2.1159602640304778;1.8493736050196137;-0.5566739791307632;-0.4643563758845849;-0.4749143434717961;-0.9919191792813591;-0.5089250330560646;0
104;-2.691352204962128;1.4200617399417959;0.9691507729571687;-0.0028595244641987324;-1.2565183792996037;0.9415787073802718;0.15793872470978537;0
105;3.213916765177374;4.046756222649357;-2.7153844565069405;1.3286253416639597;-0.22167319681586325;-2.204794776768142;0.5194749494651965;1
106;-0.7492713563495615;1.7976385171322946;-0.5683658058122285;-0.5604989833232393;-0.9330960251622202;-1.6101870506022484;-0.4983499539590883;0
107;-3.159006037414681;-1.0357494268216727;-1.490684162109508;-0.5931683778982196;0.5140858511519371;0.35991588697361476;0.1232411489260217;0
108;13.056121858663438;0.981513226397751;0.5988126755228693;1.472930972087062;-0.5999130658167852;1.0217591840545588;-0.09549146834935666;1
109;-2.2286798134422168;0.6674106363804444;-1.091560340519697;-1.07830171947018;-0.2991291195864789;-1.440875569705871;0.2117557206271964;0
110;-2.4928310356116046;2.5986862679957246;1.669725561727496;0.6334860009846758;-1.1567474934936854;-1.0964081818717686;0.20389707977224555;0
111;-0.10335042641398731;2.2801435368568277;2.109562790031634;-0.35184599219680956;0.6224819782982138;-1.4599863401145785;-1.0410339228216985;0
112;3.591294118690597;3.926333155212098;2.0470067292977387;-0.23176633454667675;5.465263817670835;0.8338569492876741;0.4115363300893851;0
113;-1.3489486828722483;3.5562251004658685;1.7321912772437602;-0.046990744384860526;-0.3452510023962686;-1.26288741473805;0.10585563191858648;0
114;-2.510117675558591;3.2513195035015046;-1.6876243932740533;1.1899614108981336;-0.4555870487826538;-1.707941973644344;0.5124384167147794;0
115;-2.0460295724518556;0.3048848667443785;-0.5338387058877786;-0.489841750263687;-0.06791210851248575;-1.3389297824175446;0.4599115787461581;0
116;-2.0970691694487194;3.6670958835452674;3.632200479197164;1.5397868534208874;2.236529855318505;-2.295705798605675;-0.9194047750622328;0
117;3.11052769335218;1.569389556196233;-2.6139361255409503;0.6184677316573252;-1.181779306167658;-0.7682309909986146;-0.2069777959823715;1
118;4.9567255700022965;2.384846218716714;-1.9351070932502148;-0.610841232574332;-0.14820972802977886;-1.4938059577534137;0.42680716164788873;1
119;0.851014262664672;-2.306735367528011;0.5674619180759437;-0.0436252490303414;-2.0940465193724447;4.979535809975619;-0.9926414219086834;1
120;-2.9659992066225684;0.3715064822522377;-2.066533159593567;2.072506299063213;0.163037681577197;-0.43838582349279775;0.05698425053182574;0
121;3.33413319802035;-1.325557354123661;0.728013664054807;1.0031987131103506;-0.9337069429835134;-0.580123970397985;-0.25077030939839184;1
122;12.894612133968952;2.316622464394244;6.328697007293915;1.9422039911119329;-3.160227633822719;-0.9470534253397901;-1.2968792235310023;1
123;-0.7707436775320115;-0.06410921999257009;-1.1344087971271697;2.510463104406894;0.02023702736137146;0.1808526835666796;-0.503484213243939;0
124;-2.2025155237824054;-0.7356052301956387;0.2670800984927569;-0.037619519531094416;2.9340365313042978;-0.24746776508786292;-0.1914553497767779;0
125;-3.1434122456027054;-1.8774090266692667;-0.6703690408220196;0.30333192286727123;0.4080694050731496;-0.22712007153117397;0.3216273012655492;0
126;-0.638880499970329;-0.9113660287979886;-2.1427241627880167;-2.1409156579216684;-0.42913975078038946;0.14888223524973462;-0.04163043773662056;1
127;1.919133422648497;-3.5380823683878693;1.2549245276885759;0.3359990800203537;0.5890689654575785;1.4685278835667976;-0.1447233260368077;1
128;1.4088683633928154;1.30492940635529;0.6414287693802262;1.8869563709798303;-0.036251997496483196;-0.5342971774906318;-1.266372791576088;0
129;4.6436913165873595;-1.4820171693910293;-1.170680553352203;-1.2186055251407646;0.17807255783954404;0.6786615369879505;-0.7409594187891281;1
130;-1.8774673636140518;1.4232306440378046;-1.070812194678184;1.7093329684294767;-0.8845491055129486;0.6546274198801162;0.3147356828339944;0
131;1.432069426797438;-1.049603949088594;-1.262011321239071;0.5331890568743356;-0.6266966038486601;-0.785916171751851;-0.6215554471197433;1
132;1.3526270253942851;-1.154141471729003;-1.2097932663596238;-0.8281065029160752;-0.9868073423291458;0.6869748901103506;-0.31350772372231506;1
133;-0.7091148317236307;-1.5682323235088864;-0.6699940901235697;1.687263956000268;0.33931480942668757;0.24635850471974272;-0.8395510703749121;0
134;2.171416018303967;-2.8262607261237505;-0.5621074925927853;-0.6608316240937273;-0.4749701326167753;-0.38444652571027205;-0.13889336062838376;1
135;-1.9768403553186389;-0.4193874469184822;-0.38057516909852546;-1.7394602091059477;-0.30863816316960857;-0.7122804202728877;-0.3173612273256884;1
136;-2.600789504020874;-0.4823354674943237;1.8723727100951424;-0.43801831897683624;0.016082782992224265;-2.0410093791718;-0.004721140163097938;0
137;-3.258007359468891;-0.41832140569539067;-0.6918056278932846;0.659853609511537;0.12156622777593462;0.067288708050526;-0.43906899768654944;0
138;3.782026455580267;0.8603815975237669;3.6710006893603935;2.0478201765330333;-2.183790087222449;1.4742366547956092;-0.5633489331649932;1
139;-1.9920347221454204;1.3293551725054649;1.135244544634112;2.0464332081255967;-0.2521277795741708;-1.7570828297804477;-1.395872138467695;0
140;-5.015008689975804;0.5746999790548192;-0.8424381482480102;2.1696626775431427;-0.882002206012251;0.9319354929785837;1.1334910480765468;0
141;1.3450204377376263;-1.2747709560422462;0.5558435473492908;0.5748715237676264;-0.47084924546679174;-0.17410010929495914;0.562346526471177;1
142;-2.4559688106880437;0.8984552923634711;0.353133480027373;-0.36799158805521265;-1.1042868287513892;-0.7788873286567127;0.1692603544474021;0
143;-1.83728166951743;-0.0910267654571546;-1.445280865143784;0.6725485426076989;-0.13619892064836817;1.0742421416030015;0.09905527259976854;0
144;-4.346489712228621;-0.8935722661901382;0.6392560329081939;0.4256269112037663;0.9564423503516389;-0.09919844644383022;0.3470500402954102;0
145;-0.7328129161437613;3.702182382795109;0.6585050181232335;2.236127459323463;-0.33646743312052835;-0.38253769262935783;1.3619835958353514;0
146;2.3999978431541846;4.837988819756908;-1.0281570383139287;0.3429168412641833;-2.3918727434229394;5.134227798384426;-0.7879231819687581;1
147;0.3930986639316592;1.0830680630279437;2.24760550578363;-0.4618585987150182;1.6916285443391375;1.555220040367032;0.6737491991624929;0
148;-0.4123278127956228;-0.3896313170983011;-1.0457704065390478;1.3662456908817158;0.8635071255110113;-0.35236011248361004;-0.8862288013848095;0
149;-3.049924940451465;-2.237784522271904;-0.4694529821328003;0.18277472930064614;1.5758460410549338;0.4088015280627024;0.4899902970273248;0
150;-1.4425637316070972;0.30587044946826353;0.5515478510418726;0.356074040941798;-2.7029190357455644;1.4997077010502782;-0.8312799878702876;0
151;0.08318610261277971;7.150359800006232;-0.060009971500318414;-1.8030818028808218;0.7381126142747733;-0.5642204644700072;1.625806776404706;0
152;7.0933067141893105;12.573194228678522;7.358708081714844;1.2253415528672882;7.490433692443624;0.8147305400938568;-1.6810501323919782;0
153;-3.7434045429961746;0.25050152676715515;-0.09738325219214979;1.9321470877970743;-1.043591548361628;0.15421784327843163;-0.5852945590528488;0
154;-0.9691728143623508;0.9449443023490572;-0.890811259841764;1.0965323077207416;-0.6135024327695687;0.9708910524553716;-0.42799595939888896;0
155;-2.418719908122958;0.00555241298282434;-0.7983803838211434;-0.07089207074919761;-0.07730987851343035;0.8655064689551614;0.10702089905513401;0
156;4.100787726595183;-0.37880382017235364;1.4463175319906336;0.7023685667078188;0.0006649933044873112;-1.0360963832283634;-0.3177209866657194;1
157;-0.7516030055354358;-3.070648658484429;1.4491816782802425;-0.9534258737705759;0.89192873949003;1.2972366144450396;-0.22158745380183445;0
158;-3.6546465282535436;-0.6746487418500215;-0.9069859870885181;1.51116131055213;0.2938121005874599;-0.4139518905440069;0.14207172096851567;0
159;-4.680211576012843;-1.103857247592697;-0.2573081776852202;1.2464757144387406;0.4146183764828348;0.15341613823832953;0.9062285740763163;0
160;-0.5977817666137696;1.7856508751060625;1.4817359679259416;-0.1778722375095106;-1.5892265503500658;0.5892961364911731;-0.03491877979450747;0
161;3.3873307646410895;-2.9110371071738372;3.0072377534554393;2.828287832953825;0.5083464504918999;0.5893891572452128;-0.8318227353625212;1
162;6.149886189966096;-2.017652754781078;-1.5661437179981867;0.9716460653781607;-0.33636992169761104;0.3437246348869926;-0.07077556046960334;1
163;-1.325031347042661;1.4692940245331372;0.8484213778199156;-1.1427664666200266;-0.04782174391167772;-1.891632756808498;0.029067192872777467;0
164;5.494152797674738;-4.165829305476935;-0.6012607661380472;0.14969969842276773;0.6255664479534788;1.0430387994519286;-0.07048465672624975;1
165;-2.9974032071314887;-2.7388610518598133;-0.16118378030219854;-0.41316979890445804;0.4055461362322609;0.7240925466557403;-0.4227453453056592;0
166;-4.3867327211066;0.006872281278995211;-0.9481082366197815;2.798005779610786;0.44573087612584994;-1.6880824567157182;0.2823636912131096;0
167;1.2136346121479025;-2.03903895737933;0.9806961768258488;0.23896611516224794;0.08576867319319338;0.6266564059614668;-0.35194033335222824;1
168;5.069661081475338;-1.7851523342604982;1.1736470683779585;-0.6937328315182265;0.6486555598393889;-1.97839237370967;1.5988723504125866;1
169;-1.977701439633229;-1.8427794206398078;-0.277359759986483;0.5497499042781367;-0.20689629580462632;-0.28386446618648004;-0.5541367415952938;0
170;-2.5148764188899855;0.11425229888415046;-0.49662277152014406;2.354347120106232;-0.689374947541878;-0.04425895689708199;-1.0484258479368052;0
171;-0.9474878917479546;-1.6847535464245225;-0.3511863419930451;-0.5772107412623012;-0.341542133885028;-0.4226386378419288;0.03577347479338483;1
172;2.8193683434660466;1.2651031321636543;-2.1531442403089764;2.708459042181115;-0.04004445970837274;-0.5662738273205943;-0.2674833965236203;1
173;-3.483986298020002;1.6196919825568996;2.6754693892339145;1.2536138059339352;-0.5989814171772309;-1.3438766173960375;-1.0274299004160117;0
174;-4.6587295779661275;-0.22291481503257735;1.5593586618863036;0.5110923193881022;-1.896940835118124;1.3473176354204326;0.27256829563670626;0
175;-5.35161811493662;1.0267578586053638;0.3249859244497571;1.3686824278788738;-0.9186613692566103;0.22103697067636413;1.1251522142545907;0
176;1.170897778905445;7.014486578698103;4.271861991969348;-0.33263982627149674;2.90944477892762;-0.3891475937779806;0.7141966166341607;0
177;2.956301867144234;0.7064218520962684;-1.042335442028669;-0.5221495724139547;1.413635607455443;-0.2689430689045772;-0.995371653967;1
178;-4.975702062159756;-3.3862048673911422;0.43983840943726515;-1.5775699793648652;1.0337957308929242;0.9267815828625263;0.4523863423595202;0
179;-4.06402565874014;-1.2461661741984265;0.5744778366294556;1.7053930700309068;0.6158644594296391;-1.5091337669649194;0.333293857411216;0
180;9.51266984416635;-5.603484192726077;-0.6372394031041467;0.22422119834736537;-0.40654352916775305;-0.8366143008453595;-0.7146623738334146;1
181;9.007165526292278;0.5810310772838636;-3.1347151984640993;-0.8622695939651782;0.04572204465199658;0.7257742372316625;0.8458904988392674;1
182;0.7588784847610688;-1.6085325756435824;-1.5150957144878008;-1.0760600255095913;-0.04923462960955196;0.09433166387936617;-0.060811969762509965;1
183;-2.6593596153532877;0.539935800897077;1.7070147054728109;1.2017513145843686;2.3547418477400557;-1.0044058013297066;-0.2668900852830845;0
184;-0.39001898105892085;-0.9892423529287845;-2.5851692408804348;-0.7845271944038057;0.7343112538276778;0.1837376511300907;0.691582321750487;1
185;-3.8890655271867725;0.8160717107750095;1.0157172660485572;0.8249184590940298;-2.133572776748708;-0.7937243971541549;0.43744360813203026;0
186;0.36487615184075645;-3.5744612259285313;-2.223978533134077;0.22316803751486022;0.7785309681381344;0.510230352183354;-0.5627929560710783;1
187;-2.835890918156518;-0.39872969401219205;-0.3474450885882139;0.8132475206656123;-0.039280688594387554;-0.6355226034540681;-0.597851229955311;0
188;-3.3102836207396256;0.1557411949852047;0.5414789422238079;-0.5124839095453336;-1.7878791217949648;0.6958502976361552;-0.9106874780535805;0
189;-3.357304402555181;-1.1037324235664465;0.1520898046669439;0.8281880279499036;0.734259240421719;0.6926263936945037;-0.18774931024178101;0
190;6.523116620292803;8.011169611598756;-0.32642369739191707;-2.7717985232772144;1.5989318471342227;3.6721193464015833;0.4671996124565744;1
191;-1.717735176107849;-0.5431655272763863;3.2983752533289707;-0.08733074582305898;0.08417355063056571;1.0050589254734132;1.0007104269676899;0
192;-5.565735898981077;-0.47784757880725526;4.1274627460237845;-2.352490760258937;-1.0524610094264837;2.093502232873519;1.1673873343947392;0
193;1.7796614892323597;2.7765871696774145;-0.9427628490848564;-3.074352196947397;-0.69513309763133;-1.2013657403702844;0.628840362687812;1
194;2.611484893160506;1.5614217091492746;-0.21818695365474503;-0.49277526478488315;1.104387382512857;0.00581859285932869;-0.8639182944225123;1
195;-2.8190385096119344;-0.9701105669674912;-0.38259143855040456;0.46379060082982737;0.5517868439661107;1.2084608474885552;-0.3662600227258987;0
196;2.498438877723983;2.278482852097618;1.3194785753218548;-1.180838554070685;-1.8997302529764912;-1.7001027310460302;-0.9038390326697202;1
197;1.2770271752993312;-2.443258964273786;2.4663169862406877;-0.12989056168665608;2.155306123959864;1.2180658216584852;-0.01817796466115103;1
198;3.4731973428500686;-2.2778489100427843;-1.2386840655711475;-1.113140968824949;1.0092590231065492;0.3217732253341717;0.1681319611905606;1
199;1.2566751119853183;0.3823932643718846;-3.838320382702055;-0.716920129130399;-0.6511561498936175;1.2192628435313648;0.021968597816368493;1
200;-1.4734313692163157;0.11689025652657302;-0.21466786443872993;-0.4908088547885184;-0.7138418009047625;-0.5411875140252115;-0.16693147090461657;0
201;1.6494606959340594;-2.1022910706395845;-0.9752715916388872;0.18804368374523153;0.9168261711712136;-0.3297002005076794;-0.727890660280166;1
202;9.036589480305233;-0.6551728250902227;0.22128007692196675;-0.7647306172828998;0.5648966396011266;-0.33223296056188506;-2.6706004841336326;1
203;4.554590064788045;3.086639155888123;-2.2704043063554824;-2.19111917807029;-3.461355241978766;-1.179714496432153;0.013080738128263015;1
204;-0.7811899668984476;0.6528492587504994;-0.6436569974437182;0.21446824394068273;-0.43767990422825104;-0.16048948550055708;0.18723510852163727;0
205;-0.2230926067840131;-0.7018214902322887;-2.270762039737367;0.9986314980201046;0.6464879185335254;0.04292906275826532;0.3411804262427178;1
206;-3.4548953860958367;1.3069387228364133;-0.02926451764547978;0.33050375476145966;-1.8619115943801428;-0.3283403455203873;-0.44262818541902255;0
207;0.44654439641740623;-2.787707740768309;0.4443822699179615;0.4720285415207836;-0.5299896169280902;1.6565903037418948;-0.16937066678317605;1
208;0.3144382259614641;2.0775607279208312;-2.0833118691853105;-1.0685397969141148;-0.21786951552805067;1.1898434420227546;0.8621809989527324;0
209;-2.059191942545392;-2.472787787805828;-1.4617188178856195;1.8680819074467452;1.8385631428737388;-0.5250227041176505;-0.09890202051678573;0
210;4.808969244731827;-3.029102967389791;2.7440186759885026;0.2833636130369548;0.1939645638762991;0.9849839012362379;-1.541562130228515;1
211;-2.998710528238175;-0.39677802824528136;-0.5964659390372139;-0.2080449370934569;0.5683597796633617;-0.3727862599775452;0.4029632149316537;0
212;12.28501975954142;-7.543410169305496;10.112423747094638;5.1942700056482884;-3.8525069319243483;-0.8774991518649975;5.4172192636697085;1
213;3.3721965906436884;2.587825427979325;7.09207481167298;-0.3674947378344849;2.770573104924811;-4.2177675253011895;-4.084684322239727;1
214;2.5087663116225563;2.6146484775413263;0.2063803350654766;-1.8947458458948292;-2.12476562894146;2.465074608976893;-0.7767102229061934;1
215;1.3180684765426347;2.1544795011177507;-1.786632577620345;-0.010169665205248138;0.1671523743371635;0.5690938098479013;-0.03761438874178092;1
216;-0.38875629875561324;2.276797894739398;0.6273320745144413;-0.42972699888622085;0.11938017527360022;0.849893638818601;-0.9042419208247178;0
217;-2.756932991257033;1.0868346854768567;1.7072381598321458;-0.5168313730762134;0.8070226998224383;1.7854864565245911;0.49691274877235425;0
218;4.943581014506623;-2.848324457732526;0.9138788144500739;0.33518400860946673;-0.4833259194516466;0.35537536388096275;0.4848637107086056;1
219;4.2980773298278505;-4.6662751791293795;-0.006841008371698984;-3.653384895811736;0.17870292898714704;-0.9138734208614151;0.6715823494333132;1
220;-2.373501801975012;-0.7334025639778923;-1.5260274881188463;1.8533295861732135;1.1831180587513666;-0.8578711923112763;0.6587212421829431;0
221;-0.9671903116026486;0.4384381816155827;-1.4476962674759795;1.9903614236516534;-0.09396608366088734;0.2930129892456204;-0.11255668270108081;0
222;-2.9757987879408976;1.8109737757240105;-0.22343526886632448;0.3916351992352431;-1.5293707831811365;0.046801777882511095;0.4466315780973073;0
223;1.8032470204666646;0.16646095723338203;-2.6285995647094746;-0.643741480070167;-0.5218823638274663;0.569792562954878;0.3323433603403896;1
224;-2.4783595123722186;-1.4185764468645439;-0.3165332429274214;0.32850273878218506;0.6620125983838683;-0.44674632598377795;-0.0684144459082142;0
225;-0.8260392924374995;-1.2502474730589654;0.26796072660753134;2.310626461533728;-1.0148136142114148;0.9016299166219736;-0.8023235760109602;0
226;-3.8946973283395465;0.5385707445033897;-0.8815587237804849;1.0387999956902259;-0.809028880872348;-0.6909989049114895;0.5066875181168912;0
227;-0.38957809021741174;-0.614415470022551;-1.3528692464004624;1.1751923119850958;1.7898932912438574;0.9602687033772834;-0.04008082225985177;0
228;-1.4573213567984833;-0.20172675700990406;-1.0988787344535453;-2.005774968116222;1.4785622277940333;-0.08537961606711125;0.6043601097994521;0
229;2.7555680011537396;3.4657736038397133;-2.474050856594929;-1.0082788485493646;0.15513599761390065;-0.7014087460283095;0.27025235158891125;1
230;3.257254673478814;-0.1252004920344264;-2.8960974556390053;0.7495901174196108;-0.3528555574351596;-0.8049437334443954;-1.3954082833127264;1
231;-4.0191402405641705;-1.3542473809817674;-0.36047271449737756;-2.6357977618072583;0.7352450114789554;1.5182776944851675;0.5786050260335359;0
232;-3.676413293167361;-1.2916290603284557;0.42461030678730494;-4.601709853948279;-0.7409092092097729;1.0397368035306602;0.6769928572543943;0
233;3.316324113446766;-3.9391522592523898;-0.20545368058813776;-2.1182236435610684;0.9699807958986543;-0.890813905420992;-0.09268996689155427;1
234;-4.036607361757968;1.1625461079531416;0.1897478257738181;0.940516997226068;-0.5655989262071518;-0.806738701676898;-0.15933758026482528;0
235;-2.3342333502302326;-1.3489797321876598;0.23268701919656198;-1.2129139172053092;0.0515748880378382;-1.2367192920971328;-0.17422339516945182;0
236;8.40384711345749;-4.153904776612476;0.04696907523433166;-0.5518427613579512;-0.28808034430979446;-0.5070591304564968;0.7191130709020634;1
237;2.647568633083628;-3.951172951487571;1.3718813340605862;0.20781925091392098;1.4050541838727155;-0.9045129526744791;-0.32376849266670227;1
238;-0.6817688659204068;-1.1359911306162598;1.2336664710037157;-3.8645001377605173;1.4283521311998841;-1.291429281479997;0.07533421421596333;0
239;3.350295790635416;-2.1545700266626264;-1.1089437206506434;-4.3490076773871635;0.062384392910288376;-0.6857157282429663;-0.2165437964855735;1
240;-2.2277205188196936;-1.2149996868114286;-0.19241377550312114;1.4712781370399037;0.019715139295465308;-0.05893764044855934;-0.6902928767277053;0
241;-4.477584655730472;-1.741129362473324;-0.8882070880019698;0.764652541382369;0.6051400089875157;1.0045710276215492;0.2326683453482566;0
242;1.3226214188389391;4.78947658386991;-0.6625351224801582;-1.0211958057030848;2.15002450574988;0.4504483738253386;1.1174158102476974;0
243;-1.85008986014052;-1.584128149657779;1.2639172257502578;-0.8021025971984975;0.7114115946310525;1.5966136792731123;0.0810992043112101;0
244;3.7955656418249677;-1.0262326419361403;0.8986356352926858;-0.7604604590473556;-0.7578474673033828;-0.5227298528611537;-1.3884947158290146;1
245;-2.2813180992395012;2.0776859796729394;2.430649030167262;-1.1860598139939216;-2.859003314967549;-0.9990287358761943;-1.0897641062432704;0
246;-3.228770118277378;-1.1720734786955227;0.2646643297653448;-1.0029445748563321;0.8944676190772645;0.6292250337100804;-0.24996820763752034;0
247;1.0259007876487485;2.3612619443209306;-1.6168855931599315;1.1459632459106364;4.144478536625525;-0.20752880845022825;0.7360684306445087;0
248;-2.5825558372816793;0.7292131140786937;-0.54814278722984;-2.332079177675776;-1.8352650060158546;0.14016622442496043;0.12196587279020622;0
249;-2.4858832255063454;0.4605964026824252;-0.598920340262532;0.9987176335649562;-0.43032386297742037;-0.37962170233333187;-0.3315524145627136;0
250;7.143842039052899;-2.074842232620046;1.0883873372922548;0.7163335029838027;0.8199009914005844;1.1445482754809433;-0.2895373480187534;1
251;-3.0324811407725956;-0.6494687998577637;0.3106826673316171;0.5802825039396331;-0.7328849003128357;0.5720082643944313;-0.008425438645486151;0
252;7.085010648787637;0.5282231716861986;-1.2799870432249816;0.6515632923028409;1.8538248218002333;-1.8112999002625212;0.5354688465890638;1
253;1.3140990035987572;-1.7754258312624553;-1.6726317666057506;0.6946200249405754;0.11281065370114697;-0.08752902886473815;-1.1197516395660274;1
254;3.7116495147797286;-2.8074771106095104;-1.7561936094901407;0.9041052352414415;-0.07098599762592268;-0.20618855597850452;-0.20422619393068414;1
255;0.4604790908477578;0.39416628852143143;-1.0046985455782445;1.0753882454173904;-0.42753481196146204;-0.0914070552710882;-0.5446881464554447;1
256;6.3926499205349305;-1.8230941633210416;0.4798497266076108;-1.6964609875516476;0.5566773524925287;-0.1067723843554923;1.342227729050332;1
257;5.255544949778238;3.8945309898245184;-0.8338534467396632;1.6816008425906641;-0.784326971871126;-1.3870888747189438;-0.1100005572097768;1
258;8.73386150295399;3.2798773749529477;2.903699464422592;-0.27718816362403736;-1.0618468671882255;-0.5676916847341864;0.7901837388964992;1
259;3.691317880228506;1.0656460674271797;-3.5155890478121288;-4.773197016902434;-0.8024841391090914;-1.1415917177422379;-0.003968321313567422;1
260;3.3782508726958773;-3.371227892042612;-1.7667777549872745;-2.0779569706342005;-0.5977815272671441;-0.4907819672257123;-0.8248321579950303;1
261;-0.8402096538369322;-3.5000850321832586;0.18248365340487616;-1.2425727071402461;-0.10851726792743399;-0.41699978163276297;-0.24964307530930796;1
262;3.2843726199731567;-0.9906732009428237;2.5543863922062644;-0.12282697139739081;0.3508378844013672;1.4773840532158153;-0.06516679449549535;1
263;-1.9087689281363809;-3.121945805474929;-1.063056113394606;-1.0620669179695263;0.957296547039718;0.328535137951553;0.02994850468755394;1
264;1.614781925355917;-2.474573347873444;-1.991134784052825;-0.37909116218821937;-0.4432487264156113;-0.24436682486187145;-0.6673851506761825;1
265;6.619726346836857;-6.0032764175536455;0.9893777588452595;-2.886757575832795;-1.6953839040729786;-0.7996727419785089;2.287667709009321;1
266;-1.464675933458778;1.686631814155578;1.1699058703946208;0.32566224650651066;-0.46487330616568434;1.248418997550084;0.11576586206310745;0
267;-2.0121524285187684;-1.1034865581448534;1.338024079714648;-1.6156796384099208;0.6917208028389717;0.5411901874648466;0.0931456301969886;0
268;-2.28434025207064;0.009493639196513257;-0.45043954205578646;0.29577974019175524;-0.8038675298255268;1.7790189334975117;-0.4352660421477905;0
269;-0.7397430856449475;3.152520605071154;1.469857847304114;-0.3148936190009055;0.9476892918041623;-0.5314411245095119;-0.2797754383364195;0
270;-4.506562510681533;-3.169272587873536;-0.18806158843615955;0.3911600607150687;1.3852066486309185;1.1387789354327988;0.14940393472839025;0
271;-3.158754301407413;0.41030179496855923;-1.108817204534261;1.971618833151975;-0.05858711856758195;-0.2824146513927828;-0.07926823728003193;0
272;7.676149471669634;-3.0753063039954527;1.481959412326737;0.5524018659793;0.8862053426913947;-0.08252749934971984;1.6521224453459809;1
273;-3.6391359671594374;1.589587064029629;0.7162798064909751;0.6703852398419838;-1.5773311407373816;-0.7452729761837315;-0.30654682341950507;0
274;0.3373454926438292;-3.144373457646921;-0.1157214819742649;-1.815295289739796;0.035293178315033875;-0.7162118541162847;-0.05513283683689612;1
275;-1.2765833791515424;0.8490529834604235;3.0700681561656613;1.1664974935882533;-2.678124207434271;-1.3605087184191345;-1.6491278747402325;0
276;-4.346014054230486;-0.32197805680139635;0.38847470109672244;1.107147237034734;-1.5033327158239882;0.5377922029686882;-0.1770170940611337;0
277;0.017430791487394928;-3.459343291202762;0.30692080144918144;0.4755698975638632;0.40073659271161904;-0.1569074625845911;-1.8742150537992797;1
278;-3.4924260372868647;-2.6340824007641537;-0.07218764240633435;-0.30797777022047973;0.5250156910421219;0.23338979819990505;0.11357267710073699;0
279;-1.8665488536842092;-0.902064209682513;-0.8711686907326877;1.0288144722550248;-0.2318771000189329;0.9163083942691526;-0.5687843775014432;0
280;4.960268117827967;-1.3411230473901101;-1.4570533353535315;-1.4681981471462489;-0.6124601030816891;-1.0858064422120348;-0.18592080773803907;1
281;-2.470722685223372;-0.13802626433783113;1.794885303258167;1.5476271681055487;-0.6973621152310047;1.868577408291282;-0.254779736425205;0
282;3.785060102923413;-1.9019074162697034;-1.7442419030926288;0.39228462004590176;-0.3392796976206288;0.129683936252074;-1.277706737919884;1
283;2.637255777272225;0.57715499584152;-1.994699824613599;0.2725491493682753;1.1967680346737364;-0.48786253234595445;0.039406028845367154;1
284;-1.3726850236666195;0.005805461425113289;1.5492892156169982;0.5844391534784981;3.0048784784039917;-0.0013724529176012542;-0.8131483989567487;0
285;-4.138882573259067;-1.3765082402979767;0.8780486016227259;-0.05985625060535528;-0.5975966346886736;0.8320963154901008;0.3676673640369144;0
286;-0.6869402913907833;1.6950096246206956;1.0262128438932407;-0.8754781916089189;2.174675608368278;-0.2967882614548512;0.8410946097784977;0
287;-4.3121295827429025;-1.9784861330658454;-0.251306486680086;1.574911151103666;1.9834111468913802;0.4682074123987192;0.2452356581881701;0
288;0.4033094213764867;3.723434003640431;4.586469001104591;0.21591119678779505;0.8078009046325034;1.8261264093943002;-2.4488510888944495;0
289;-3.0036057953214264;0.35416022745786885;1.2340149770109017;-0.7174567762745722;-1.312562233721662;1.9968669225940143;-0.4478906599145183;0
290;3.134008205440033;4.273459558439521;5.866279514838569;0.5965830757367182;4.201027896226722;0.8712702444257626;1.430072550906796;0
291;-0.41783686688185157;-0.8085765710523082;-1.093291483853164;-0.08972977483986948;0.2570691814359346;0.2455888958775601;-0.2535035564861904;0
292;-1.4202231350821097;1.3939781131568867;-0.8369868339964833;1.1054451331545434;-0.3644006145273752;0.08946610120278954;-0.263474890804074;0
293;-2.870588347786152;-0.2686445091440104;-0.4689872589990926;-0.24550356801655374;-0.5579192926379762;0.41445107337577164;-0.6574580040433871;0
294;-3.3658457040713707;-0.8076006153541812;-0.8070794153089262;1.6636859949463711;0.050586236942290856;-0.6566330801794632;-0.18332634697259875;0
295;-3.3150001548360724;-1.442176229449878;-0.5836326027461898;1.784930835802405;-0.019272507940807027;0.6299781198008063;-0.0059708505289509835;0
296;-4.769710159700073;-0.5429618596413304;0.8938680006186164;1.7310613718308783;1.0017126198070982;0.9637677081510819;0.2366766428006946;0
297;-2.3858827584206015;-0.82411557090573;1.983963486678781;0.055255451496338856;-0.5057284471302963;-0.9895633581864662;0.5674865589825873;1
298;-2.787096009431116;-2.5330340029384852;-0.8840343987299153;-0.2596746572417238;1.6478326341444385;0.9434646322451131;0.7521727558367338;0
299;-3.3938417715182925;0.7539639569981617;1.7717935601115193;-0.27667331038690784;-1.0859029420767234;-0.028786663784552868;-0.41360505567645284;0
300;6.59023594334442;-1.4848624499142624;0.36133990063368554;1.1884461738065686;-0.12091100993748786;-0.892796984068696;1.1718532255627983;1
301;-1.4553305178966347;0.5919428677399619;1.1463403848993776;0.07901729274548817;1.0877387884811311;1.0579796567678557;0.06425070397024304;0
302;7.182933102086261;0.05514606018737626;2.012917886135861;0.08277610237403936;-0.6657817622551464;0.42460339676052483;0.8016688817766705;1
303;-3.578835403447037;0.8915829916265154;0.26148740499521594;-0.25409575220385716;-0.5995934142387785;-1.7658711691960303;-0.3092181679606877;0
304;-3.057032641873495;-0.17921338626513977;0.6217734459790191;0.26139838093913503;0.8967350980196164;-0.524568773045962;0.7093633932738318;0
305;-3.074435831560861;-0.30605843546261613;1.2592536574618853;-2.2086266756883903;-0.606411726026284;2.3580672879021685;0.013891714075943506;0
306;-3.853539733255715;-1.5247264225853263;-1.1445096448722214;0.8150505389525347;0.4930515339829203;0.2876053072090318;1.0467614139180679;0
307;-5.390256393774107;0.5562555046188596;0.5600700632026152;0.47185538336191324;-0.39979829838908865;1.4766592833520098;0.9505017883841426;0
308;-4.657682334494779;-3.065387433664342;-0.07600910991892375;1.5085163310956793;1.272815423194352;0.5556950798672274;0.5525494353303745;0
309;-4.027542388108068;-2.542907043444142;0.35321712939199107;1.514387504241041;0.6674986646771202;-0.09625750457002688;0.8397683803075343;0
310;-3.3478219416102095;-0.068563047818174;-0.27019328888929983;-0.6276363367759207;-1.1256875357644551;1.349985660475976;-0.3753642332535946;0
311;-3.29984201146829;-3.1387093942090707;0.14889237080558412;0.7424907363412996;0.3944508123937432;0.6412729897697146;-0.17142596614064784;0
312;-2.1364041423511355;-0.004392848638497226;-0.05513895701541332;1.7881128791016427;1.3004454420758351;-0.06311757362970737;0.4147666534657619;0
313;-4.0380171417369946;-0.2406980543671041;-1.3281267494695426;2.440232258310729;0.2773892913989325;1.6936520953584568;0.41421057441792186;0
314;-3.765414553258625;4.398200493289133;3.950207841998928;-0.30726828128155415;-4.7896563322173575;0.9662760106380794;0.024302965560076488;0
315;-4.871239383480864;-2.339214787421023;-0.16829482806236057;0.6948898423046906;0.8209388454249773;-0.8244920287580206;0.24284651362773577;0
316;-4.747248516354593;-1.7984019755421992;0.16972019757856993;1.5516108420633465;0.5351374863973382;0.791580682288488;0.05814475672731997;0
317;1.895316276318843;-2.3922380030497084;-1.6764913002997748;0.7120282345785969;0.38340190565269444;-0.39242285134296356;-0.5987176965602005;1
318;1.572931140608972;6.5090993067880225;2.167158980768512;0.030075885990851824;1.0534111772791592;1.1089425859542439;0.2537631720804486;0
319;-4.026620252659341;-1.4022064621622243;3.1864999036271824;0.01955227719255715;0.1796484550931836;0.9192954807147007;-0.21099348797194067;0
320;-1.2948661700949888;3.4708086393126654;1.109527978214324;0.7666793608356072;0.21051018018263493;-0.8404568427163763;0.2103046000416637;0
321;1.834840467147688;-4.321522964467143;0.3166853298868854;0.9971895482674414;0.25468865416713765;1.6548002307784524;-0.7588755070148321;1
322;-1.810380558891324;0.39620730224356054;-1.2303341229543105;1.2766563250282525;0.007076807637433676;-1.782407878395908;-0.12917390222135577;0
323;7.2364853143920005;-0.03570179712210706;-2.8410666280673165;0.03864184049814038;-2.4547364891046435;2.500021240251906;-0.8616782598710548;1
324;-3.145650188521109;-0.7425265420253642;-0.8623515070212174;0.7551636526622073;0.3001250007622884;-0.16553735088768615;0.6998574995759557;0
325;-2.887268058239507;-0.46473162454154;-0.47574333795645096;0.762301942334542;-0.8532163628816123;-0.3062886280483771;-0.4085690514862925;0
326;-3.149653983820931;-1.7712483965455095;-0.035833687619491496;1.507239641888395;0.3533042072518764;-1.1630167613140436;-0.09411200883494542;0
327;-4.628379483050075;-1.8356183618885438;0.06423097211539693;0.09419313949050909;0.8004591711358638;-0.1696204859328517;0.8792928576891995;0
328;2.2505103740996146;-0.3485359403968558;-1.0647508694685364;-0.23175940484530339;-1.0045007195888942;-0.8745519407375275;-0.8706844304545974;1
329;2.1078012278782876;1.121973943440949;1.7751582214774821;0.26267530190295185;-0.9608109188674467;0.05684989854250495;-0.8516752528473139;1
330;1.7859499803192138;-0.2692216356728952;-1.7225153363616692;1.0326869543564383;1.1851104030036435;-0.130478708387438;-0.5503745648061862;1
331;-0.5276966174016178;1.2658716232564504;-0.9204411162248924;0.42947156793003943;0.5607830950281614;1.2521714523142837;0.4216975763454519;0
332;-3.213500980500865;1.1034431417867823;1.6119811675673483;-0.48643346825126865;-3.4592498547394186;0.8597651594301569;-0.8435035738875094;0
333;-4.386422966518;-0.7611037296113766;-0.4005974213820656;0.5868569411826589;-0.37657920136710027;0.5357661561995645;0.732746070469208;0
334;-3.810017869830658;-0.9099185549027113;0.44316767898298426;-0.950423204780443;-0.35163601432679176;-0.277744556842486;-0.10289479800234808;0
335;3.3196739715199457;-1.5770528423794892;1.3607285012134684;-0.6941430985219197;-0.9089304101376263;-1.1722173099780446;-0.3372858658999832;1
336;-2.393275964330101;0.9900307776840361;-0.7575099477820139;1.5549829389974528;1.4314582375644136;-0.3431904986530524;1.2091430944310162;0
337;4.680166262400174;-0.9685929539380922;-0.2912722565951187;-1.0742723599442117;-0.13255703482607276;0.5036914458932783;0.13320072824370366;1
338;-3.067695140604761;1.1358375684170823;0.37462254531951694;-0.626854012620743;-1.4436940883556033;-0.19183719670866506;-0.16990883708862525;0
339;7.353218575027891;-5.242623142570363;0.3169558176232962;0.4320397427876899;-0.7060339798497391;-1.2631862706365204;0.1691764887901053;1
340;0.29531318324779643;0.2269350361620242;-1.0894165936379594;0.9474227405246097;0.7290947882455017;0.5800103854325652;0.10841320471947916;0
341;-1.938969496946719;2.544988112461354;-1.0014235318952618;0.025739851907342917;1.2060991620503543;0.7321001591123334;0.8164745386476124;0
342;-2.077178921430975;1.806519488837294;-1.1670794196663572;1.1422298764769065;-0.4135714212356039;0.1182372205114152;-0.09909284808457013;0
343;4.975162358414945;-1.3325721796152132;0.8709775695835529;-1.2921311815264767;-0.9619689040856452;2.5813129498165277;-1.2332042236974987;1
344;-2.17691687958421;0.9589112593874781;-0.2342648701808796;1.85447274145647;-1.4817807457406835;-0.7693427599593325;-0.38973819857394976;0
345;-2.4315514550090063;3.4472038667834277;3.4569448433707284;0.493659955671252;-1.045757044853923;-1.0088397190015683;-0.37556488383623676;0
346;-3.367965778878122;-0.5629288977240018;-0.1925736547360709;-0.5703792715689971;-0.35172863326969667;-0.040263069739188424;0.4884905373748377;0
347;-1.2065977905127068;-1.3170443381938344;-0.9307408058484232;1.7047899099350037;0.7187197466852094;0.6381882865555841;0.17167814448660285;0
348;-3.3260792487089796;0.4751715815403482;-0.8982857429225349;0.8134878600538853;-0.5853794718240392;-0.882389437773763;0.08414341004213792;0
349;-1.928795402235244;1.4614697975696813;-0.10064251005290625;1.8207642870891239;-1.9359411165946632;1.314283334068257;0.1203422454995498;0
350;-4.041835089954521;-1.35691745669399;0.538341668732919;0.8339119186417662;0.17874705299969323;0.9917099587594179;0.5653937730886546;0
351;6.182283741692319;5.108005449471076;0.5211405836082978;0.9407391907373311;-0.6065248742244382;2.461594581086631;-1.4682105622000945;1
352;10.934298158426838;-3.7032540804833296;-0.8916940718882815;2.3435075785292874;-0.4887855970160171;0.196436476312311;-0.10974094686350562;1
353;2.1184969319275493;0.2966290696064468;0.8674853936430046;-1.450287391768199;-0.5395103672674733;-1.733373063854343;-0.21699078821585996;1
354;-3.0121949701584496;0.24375997572806493;1.9837330373389157;1.6797256973841153;1.7036738873604362;1.8498053603494005;0.4983425566815458;0
355;-0.9826485812695368;0.7972523938811401;2.3694211555946056;0.1569226356859805;1.5464297303143972;-0.25332258250708695;-0.9265812923328294;0
356;0.35789386251820404;2.1278386319954126;0.7082090398064469;0.18474479714347009;-0.10256996202360268;0.5631985104240658;-0.9873750506212848;0
357;-3.1939178655057137;-1.849152073272372;0.09939835082345409;-0.022782509498782418;0.17900227645668618;-0.49281653486167426;0.17769913843486182;0
358;-2.993233301244479;1.6313922059001333;2.5567179081826836;1.3458871606900558;0.04074033422908664;0.61698997300928;0.5132238359788143;0
359;-3.193914150468618;0.5793394420917486;0.48976422046716495;0.044594178632295416;-0.7236072489432304;-1.0373975033461214;1.2905865925764226;0
360;-4.5919618535054525;-2.761127097239495;0.9805426285780383;0.3628384648222759;0.22008131421439828;0.6905042715747901;0.34139585201104905;0
361;-2.4859161544122332;-1.1889394044418717;0.3487767891257307;-1.256291860090646;-0.1293941497168262;0.5395822974190638;-0.146314667475615;0
362;-2.398665346211349;-0.2507447903247726;-0.3271378044542187;-0.27737290204250803;-0.35481456922145294;0.01937295286801641;-0.2924340366818541;0
363;-0.7796151997479086;-2.124343427417939;0.3207888878326881;0.07924892194767473;-0.08581006198469364;-0.8931305412654252;-0.8866105546596035;0
364;-3.1399884257528052;-1.4880221619895575;-1.1988784892759754;0.4534493910038119;0.840901959230086;0.32291720600436663;0.1556966906977803;0
365;2.7350117716754765;-3.945168230499005;-0.01716948677437733;0.3001107580574249;0.2832671625379706;-0.5773144799099524;-0.6635510062106459;1
366;6.227025988689335;-1.3901096910538333;2.7342371905677316;-1.093161481001017;-0.5826581687790383;0.9889296712648729;-0.797745499761101;1
367;-2.223775745579287;-0.3571607107910806;-1.1016823288724475;0.18622269875144445;-0.23927494505851016;0.3984909401257689;-0.06455941791854553;0
368;5.3071400220011835;-6.723414983535726;1.4856648508118322;1.776510736581565;-1.0735537928825736;-0.8330771196320739;1.4932901079568464;1
369;7.248001061273745;-3.6554691295621398;-0.15570199941134075;1.2268287666094235;0.29759003475690526;-0.478343649787064;0.8450065568374429;1
370;4.20722061895545;1.1762428818289306;-1.5900181858292202;-0.9788433463974121;-0.1175811705408701;2.6701704579749608;-0.9416177043565289;1
371;-2.4996363741121446;-2.0185356268156913;-0.731274596708743;1.985023277877097;1.1359555660056788;0.6178190894126743;-0.4797270744612153;0
372;3.635014946683073;-1.956440910384317;-0.8287751361071697;1.3797525713636984;0.9944209307839039;0.25385494806457676;-1.1792829342361406;1
373;3.519248275013521;-3.8586071201502223;-1.0225290614081748;1.384143300242091;0.32066416490132105;-1.031028255592739;-0.7473750663544261;1
374;-2.6149483072401782;-1.1024744593810554;-1.2407360027913297;0.9094764763142861;0.3784807488751626;1.6188669871845625;0.09393164797484103;0
375;-0.09610811657662659;-0.12984758285298054;-1.6714641082979884;1.5274766916367923;0.40306746585654096;0.7766606166963455;-0.2616874836099758;0
376;2.044856934566943;6.426819839190371;1.2741212490942826;-0.10974148942530673;4.602716499708909;-0.06264291090160455;-0.32200271532532604;0
377;-3.066749527557394;-2.18209569980381;-0.2790626706061584;-2.938557393333316;0.4732345238380797;0.048979823056393354;0.31423105232944787;0
378;-1.6035864433861862;0.29259622243129774;-1.5862254319409708;0.9096983438361894;1.2358691801570516;1.0351625045150161;0.2982599173426254;0
379;3.7659321541049704;5.985295348435209;-4.880361149350233;-1.1208727142373642;-0.5642370504774767;-0.9324418500043118;0.5563822258636955;1
380;-0.9255666032078071;2.3024814303457006;-1.5961118582912617;1.6762383821241267;-1.4269863511812182;-0.41360257135184664;-0.32685545731353594;0
381;-3.2883495941010232;0.20131133641849192;-0.6277562832810141;0.6128346818555416;0.1707681694332434;1.5132351053107438;0.11088374654056501;0
382;-1.5548521496523118;0.9798577293757146;1.1965597972721445;-1.7751769765905179;3.499125301567446;0.31223386531860703;0.6416066343524301;0
383;-0.3987799175813123;2.1612126918447374;-0.9456050178112565;0.3724810174536043;1.0126507384324563;-0.5361615760560855;0.8246304660463694;0
384;-2.3005678213336305;-0.9320775840394695;-1.1299532643106271;1.4523765710245304;1.5556402965022151;0.5146557095806001;-0.1401822042363041;0
385;-0.5429013641687834;-1.3170679101673382;0.9957545225488188;-1.4848753999833055;0.20297799850886736;-0.6347794724687693;-1.2047172911032888;1
386;-2.0588194558297808;0.32043514581279997;-0.12245841169491292;1.020859894432293;2.0791676382852984;0.8376368525892641;0.5377198292422741;0
387;-3.4245180552308843;-2.4455184118500948;0.04504874968504014;0.786141908290217;1.6031823015684707;1.2707486945164317;0.33720240786841094;0
388;-0.4724065518531573;3.702829438613116;1.9537848870831798;0.996316576549149;3.814395995554096;-0.904076814158356;0.7054873732155675;0
389;4.703500731698836;-0.1959557548443841;3.7570329480035958;-1.004227700432051;0.3286508365503489;-0.25258256275353613;-2.594847094810523;1
390;-3.6433802386141507;0.7868599163920819;-1.1621457872905885;2.098874927428532;-0.4240680171617899;0.15623055083948742;0.324492955166882;0
391;-3.5946893435896974;2.605087216699085;1.8520296363154338;0.08988542987941256;-2.442539770540561;-1.8504749395376687;1.5489495446759058;0
392;4.149097342448854;0.7674888443508865;-0.8879746991059709;-0.008369548225657658;-0.6049797724870186;-1.0170897996552224;-0.005024120683274404;1
393;7.672141552626152;-0.8604841506606765;-2.153650124101141;0.2547233746125312;-0.23647040805864175;0.4860741829190733;-0.40329770153633904;1
394;-2.0103794137575797;0.4296895605218888;-0.10408881296274947;-0.1602920603817939;-1.5095061288245064;-0.07670644745804085;-0.5416181996836674;0
395;-2.92083349483689;-1.7004724749888251;0.29572724901672065;-0.41417689035686023;0.3639198564815414;0.38680690505056686;-0.6432367146574758;0
396;-0.5007378002661363;0.10673146468453122;-1.028747957538411;-0.3048847177438639;0.13912105102869032;-0.7447845350288503;-1.06779471475863;0
397;-1.9114985749229871;-0.6513938798572452;1.4502884906809106;0.4007030527918196;2.0630023949979446;0.20388062356082692;-0.09958925157431223;0
398;-3.7850992277955906;-0.32614636749627296;-1.0580801978535854;0.6060077539849713;1.526155565830056;0.07310646981828108;1.2387289616101886;0
399;-2.708393968213482;-0.21966574165493444;-0.31450474982631704;0.055252912872405045;-0.04825403897353361;0.16910296179102305;0.6877808553122139;0
400;6.289673469535024;2.0365473971342625;-3.182082266425464;0.15554352969717533;0.2024890612335888;-1.2579858450405375;-0.28615262646173795;1
401;-3.4307706912388376;-0.9926100348372957;-0.7316945965028415;1.343722926573544;0.23583914300496125;-0.6918040020981279;-0.052083122514754304;0
402;-2.001388466389223;-0.2933264633837375;0.6192038889010851;-0.35251174571656757;1.1648198529921294;2.430114498617629;0.20578459864797577;0
403;-2.4732930942871527;-0.3350470264930677;-1.4823620283793975;0.4652374498937185;0.04899270342815626;0.9379162955455749;0.022589291538740834;0
404;-3.6472577463942084;-1.2413651251827094;1.38662453512814;1.61395935373204;-0.17299139326935256;0.5970636092278706;-0.2938908886835603;0
405;-2.3461868509424186;0.682741316888766;1.1327338901016626;-0.303103731253496;-0.5416756760447364;-1.4185259409751834;0.05544213582536768;0
406;-1.1429969265477058;-1.962171494029421;-1.2407197004619686;1.4790765729299125;0.4841825106766834;0.304370261699778;-0.5355046117761936;0
407;-1.3508573033319755;0.3695739020305163;2.4866756569726634;-1.1407176621343846;1.905864538899346;0.9309493452249985;0.7885685869422683;0
408;2.7633707862900603;-1.0786335090315875;-1.1796239441243437;0.41415907244082595;-0.1646115490295118;-0.45916410343720976;-0.743019740047546;1
409;-1.9693236050366543;-0.17584850843116187;0.42073137633545576;-0.7863120037748161;-0.8612525213010256;1.586687376675428;-0.5751025424798033;0
410;-2.9311870554399926;-0.4948562291381114;-1.0170708912516786;-1.6864230172696875;-0.5657302170966972;-0.4689284830774863;-0.03421474903056715;0
411;-2.92637438615048;0.3773322571214213;-0.8867938375703442;-0.11534487111998333;-0.9856802469755267;-0.3344560805531832;-0.01866457401381442;0
412;-3.9961882774103628;0.9598560897763194;0.20440412868527025;-1.5102303014220257;1.7092484390559477;-0.2856962956277576;1.2901076614901712;0
413;0.15513805946849007;-0.4380082282319307;-0.4614456968346649;-1.4545331040782896;0.8558402817224183;1.2428748208987477;0.169441749089096;0
414;-0.9340908103734465;-2.105945591164882;1.4329170271005307;-2.89426166469221;-1.275415830321175;1.6266921174083322;-0.5476040282474499;1
415;-1.9296217302551837;0.8924666900760757;0.04234474806297703;-0.5588843033652313;-1.2803302386980535;0.11682942277000721;-0.4684229928877793;0
416;-2.622338601703934;2.5021016179702946;2.4349994992570614;-1.8780131580463602;-3.1508166488517837;-0.7836538552171967;-0.18863218875629892;0
417;6.0036165913731825;-0.09102922215333352;1.71120167009851;0.9473749160740613;-1.1750360687414245;-0.8562049645299423;2.504596165664225;1
418;-2.9218778045747418;-0.009212681102503022;-0.9013034826142086;1.7913285484526542;0.5769796710282896;-0.2398099965645026;0.67600324968813;0
419;-3.3419448039492585;-0.022224730460858145;0.5033012014078255;-1.1422623205719387;-1.5647613960017641;0.1677578098848248;0.07552719037536547;0
420;-2.0149150334118886;0.7784521313204154;0.12557879392343177;-0.6597357793024831;-0.021929721787719895;0.6893207655293238;0.0755651606999322;0
421;1.9884621055513256;2.316048054014088;1.2363039421289952;1.769776072594759;0.1439958060998397;0.1335958451321275;0.3654370620529903;0
422;-1.6696039306005623;0.8623188526395796;-1.0103061724323754;1.3238952193195481;-0.2815678489400352;-0.2393966223843235;-0.7280751839242;0
423;-0.3711781135185411;0.11361265869439861;-0.998363575222185;-0.15536988417838346;1.4759557167633706;0.4759621421695419;-0.08897631105787039;0
424;-1.848959929837176;2.54122964917626;2.005347611629253;0.4843720154870713;-3.508645446403293;0.5345345383934321;0.6996349212781803;0
425;-4.703042202111227;-0.43230243073641433;0.005305087690086199;-1.3706086349331208;-0.08509958388861347;-0.330073907322605;0.9947377416263716;0
426;-1.283187150786218;2.550909310253014;-0.08386034510532904;0.7715122498119942;0.5569105569619212;0.27000153394459137;0.5114146803192778;0
427;-2.3142468193050143;0.40203147729567;0.2746231955442531;-1.6704631787770516;-0.5367110897128977;0.5083748134177656;-0.1388940092549837;0
428;-4.6590851764109535;-0.7822987564616688;0.19212192120585522;0.49368191192623045;0.5361221191864091;0.2260418109333659;0.22645146021743653;0
429;-3.9434733817348278;-2.030016287060286;0.6917357213138685;0.513406246378402;0.34011455478070224;-0.06509738064485453;0.05022620870923012;0
430;4.949858461550106;3.006064129202199;-1.7540716861367192;-0.6723605161746926;2.864773780710473;-0.3070810032365905;-0.6498335948559626;1
431;-0.91580351933132;2.479013128678413;0.3626066865372216;0.261966518451472;0.13847177574513475;-0.9912359416190101;-0.05120349066800046;0
432;4.549111146627949;-0.8160005055481414;-0.5187550863109909;0.9163397745221613;-0.07148601869349584;-0.9308826516327984;-2.25644837095835;1
433;4.442342818131012;-0.9924388978973601;1.4423190862201658;-0.5750345977292024;-0.3575899993032472;-0.02996741307401619;-0.3232774214832909;1
434;-2.1949843010205896;-1.8053532377462167;-0.4351094056917207;0.9539430633231994;0.5538004201779978;-0.16861156391896198;-0.23544585751314784;0
435;0.6644409146912528;0.4368608556548237;-2.6807818782310284;-0.7292266179991451;-0.027787374369116956;-1.0820506667848544;-0.0010508143892365663;1
436;-2.240876053643133;-0.4545895114490155;-0.465527588068916;0.18872465999528298;-0.8282932096222869;0.9533192397193463;0.6734784504712403;0
437;-2.1251804369201235;-1.1947969118047683;0.49037198738325594;0.8553963494811542;-0.10593586367309023;0.19534269690342965;-0.003452234122059338;0
438;-2.6153174112222266;-1.832060432590997;0.7643295557640398;-0.8231658593590413;-0.30078724538228296;0.08993781013526628;0.14634302836425328;0
439;-3.2109679756621503;-2.2351427041662784;-0.16622442953719774;1.1300577997423045;1.2601888047427372;-0.10359137063955401;-0.23537316817112747;0
440;-0.30675039870785425;2.184998833366667;0.0392862421556376;-0.48645562874348947;2.0894499690450465;-1.1041435286125991;-0.13486221556072794;0
441;2.47235691677365;-1.4998247516737353;0.5914532151178277;-2.267351500341721;1.4058401802841642;-0.9648581313984262;-0.8143027105373435;1
442;-3.4547183721128687;-2.1364615481714244;0.19716267170428617;1.5341768880571147;0.9428752994717468;-0.9371161033586022;0.6832630797387076;0
443;-3.900526848058521;0.7307759702638028;2.13607110451278;-0.7811728871706394;-0.8325514964961628;0.8978211767431296;-0.8910793181587158;0
444;0.98172754189539;-2.210429947110441;-1.6999192298530412;0.9709720149603808;1.183258299827333;0.14365294745476312;-0.45711113249691904;1
445;-1.2572515710229812;1.0676915149434778;0.2594752699895494;-1.2417521408105774;-0.3932157879874085;-0.69977060790118;-0.49818151297237206;0
446;3.2454136489032477;-1.7783586322775589;-1.7931536723727293;-2.4850594608296666;0.550352112590976;-0.5986124380678971;-0.4696013243833812;1
447;-1.5572194125370167;-1.0379271063964222;-1.301245079012438;0.6216725921157836;-0.37935339382421746;1.5356984492928114;-0.29079885421613066;0
448;-1.2492580966982791;-1.5888387893468165;-0.32641344047943677;-0.9253221277016177;1.5353498717804859;0.012065233436812876;-0.10117657897266827;0
449;4.331653344535902;-4.049332418331282;-0.1925055254356201;-0.2906134570917386;0.610840804750089;-1.423588307697837;-0.6701408763512675;1
450;-1.0774513298933348;1.8036181631512869;1.7810416304900158;-1.6289522502186071;3.74175391985132;0.34243465253085126;0.9299644691840556;0
451;2.5117531022607573;-2.5288075833955213;0.7982023062429726;-0.823674585645767;-0.42926394591802686;-1.8315347789492529;-2.404298893256771;1
452;-2.217092305447843;0.029891288094559463;0.636460135333238;-3.3767011475192956;0.479994728047454;-0.48464635112561827;0.04299831181312773;0
453;-1.1738306467787543;-0.4748395050245769;-0.4815709118113458;2.143959388500364;-0.24330052982710124;-0.4828604561646817;-0.5075109153157519;0
454;-2.8363014443334333;-1.0181258063239869;-1.4866300032199975;0.456405671678008;0.11470499442974309;0.9738357660018158;-0.1504612509090852;0
455;-1.8570858988747976;-1.5713931191145056;0.8264827444788949;-3.9302494749438273;-0.22082665933948373;-1.1998402301859554;0.3367877270426595;0
456;-1.328614372958083;0.7770956605632419;1.2567582294140243;-3.7855436123337345;-1.2450630091160768;-0.2256243833353235;-0.7497635609216962;0
457;-2.8027713567761756;-1.666301634254207;-0.19401832708269598;-2.2331074208252173;-0.20524668155587214;-0.5721718048082296;-0.36156677249852825;0
458;-3.1745687967637313;-2.0757336193916416;0.0749002682636707;-1.869829028764719;-0.20932679993186554;-0.48256592490128974;-0.1795850791871581;0
459;-4.087077360931369;-0.4847100793606904;0.6313640086937946;-3.402732843209292;-0.018224707777056644;-0.30982129428895877;0.23062639058927545;0
460;3.4754937481308636;-1.6728843912266589;0.8568267992048072;-1.1567678797737828;-1.3825714329191265;-0.999920913488128;1.1156336229462944;1
461;16.319233231031976;-7.775852804248062;6.235415554855192;2.3280731724913357;-1.7094559531045723;-1.1248214678265562;4.962496327452386;1
462;-2.5601150180169086;-2.4940454475524687;0.17031258676224306;-2.1097565859860774;0.9792388447989011;0.4887551429471958;-0.04627062391763296;0
463;-2.968888795917071;-0.06884713568909823;-0.7784115655269572;-0.04666681363066647;0.2282068717302228;0.3448923943958192;-0.07660151886050727;0
464;-2.7574304510201144;-1.7939187681258855;-0.7578141189390941;0.024118279562044154;1.2839123833477448;-0.6588327049158782;-0.3132338153368484;0
465;1.3703398754406413;2.1100113491217014;-0.8537202468911366;-0.723768436392698;3.824379210812713;0.2234203433828061;1.4713795266111631;0
466;-0.41766449255287824;0.11651969702822783;-0.5361425958913012;-0.3641990626612354;1.5134570871729223;-0.5557006845590154;-0.2172868459577378;0
467;-3.8383986229812286;0.8991786485508207;0.7005639498689403;-0.21993976730455353;-1.337162891553087;0.07674450603616534;0.6410428046155412;0
468;5.930964859583868;1.2282966822613568;1.7215877555795658;-0.4735822620113286;2.883539337995839;-1.100237705895448;2.0243201352891096;1
469;0.6454786474866505;3.426011420952228;0.6082849579981694;0.23448622479905462;-1.2096985538169607;-2.4278513826265784;-0.9417139935236111;0
470;-2.6838464009792617;1.4435555289647557;0.33940350008556114;-0.2448170114128418;-0.792691861356162;0.9256296944802026;0.49600401847272074;0
471;-2.04166405210551;-0.903255929444783;2.843241409945828;-2.8858314262651077;-1.0167094549769007;0.10446045718085026;0.31958560770725253;0
472;-1.399296350112009;-1.7722262453778084;-1.4795615607638282;1.3081089948054287;1.8053147465139927;0.6154644577507112;0.28022008409422;0
473;-3.536415295417763;-1.2468541534617976;3.3854111271305385;-4.6660509679044075;-1.8757278225964265;0.8903976312335078;0.9255097792568221;0
474;-1.990529446590859;1.8994625506893934;-2.0309980790190982;0.9119054687431946;1.2315544732094705;-0.41962780302776687;1.28789260212798;0
475;-1.9981853671291814;-0.20637113652569847;-1.6413250733560192;1.0392104952540837;0.9042109602026754;0.36762876000182354;-0.3447806372028017;0
476;-0.5206581123170599;-0.9733678106769824;-0.3241353802147397;-0.5439993686755001;1.4294367072011294;-0.04919900370950091;0.22270262792672912;0
477;-3.1723704882482413;-2.0890522980358552;-0.9788057325551291;0.3870971040312001;1.419475571066672;1.338365393838614;0.5370579908922521;0
478;-2.202710189056724;1.2860393186695733;-0.8873992153533224;0.701103048390096;0.1798211483159355;-0.024052100954322114;0.27293634191112726;0
479;3.8244330429411644;2.305236316377143;0.0275461934392528;0.6702588828133835;1.289765220274452;0.8090946864159604;-1.5682757162901262;1
480;-2.9854846903263725;-0.6733392442277559;-0.5904898836921564;-0.5943502866109702;0.46196929628758354;-0.5454030937320162;0.6173995442036648;0
481;-2.481055107277701;-2.3639587605259904;-0.43261456686139016;-0.3834696738429666;1.038121401724632;-0.020466916794955006;0.560093391635787;0
482;-1.2721114612782483;0.509833848293444;-2.238991678395553;1.6723763775666591;-0.11760644181495454;-0.015478846748502325;0.03422990455297575;0
483;-2.2351568880780754;-1.2987044937051546;-0.9014368964630972;0.43409411497575195;0.1829260296413601;-0.16343264367034513;-0.23652212315084348;0
484;-0.056183104311735746;-0.22738339295599688;-2.2555156535549803;2.710600426115571;0.8017853835836481;-0.9605697692780274;-1.0384062590407872;0
485;2.3173906062806533;4.389134334922118;1.7784111295615554;0.9694155881694119;2.6453765885272;1.5571171023131956;-0.007413415918088605;0
486;-2.2843312608518884;-2.46684075641328;-0.8211884864674692;-0.040803196198777626;1.0927813026949216;-0.10101401987775817;-0.2482216055963917;0
487;4.75461487066875;-1.489423560378461;-1.2537511047083403;-0.05258699674099008;-0.09662477551147856;-0.35537301349058625;-0.6255166542330322;1
488;-1.7263109176879967;0.9981778354005336;-0.08023841604984665;1.0646470599764088;-1.4356170248795415;-0.8660553278871114;-0.342932065647789;0
489;-0.741781767063159;-2.4520349661082785;-1.997709941884272;-0.4579397643786462;0.2612910889385926;3.203558497603636;0.16833284716284405;1
490;-2.894310661011965;-0.9779443192076598;-0.8056442410371296;-1.7207792579021255;-0.028983549109453118;0.21190399664248194;0.6725137135198785;0
491;-1.6545218459207935;-4.555664122445231;0.7523230680234042;1.6483228181278395;1.4030728702026551;-0.5534032465348404;0.12242926656670355;0
492;3.103519703927849;-1.2361532113365918;1.2873550796581847;0.6086489057707274;-1.1222598881364507;0.930049623640905;-0.1973795943117264;1
493;-4.064270597765448;-0.560954221724806;2.176684800661664;1.3758683589728553;0.19946516605448042;0.5647368412075549;0.2688823256407363;0
494;-2.7933306574629655;-1.077888133115854;0.8445421128614538;-1.110207554004881;0.004869669186312483;0.5656032856867751;0.4689916516656026;0
495;-1.474919937608759;-1.5910942013855005;0.31999144425786563;-0.798832150923284;0.15805756198617665;-0.4380661524903635;-1.043826277847549;0
496;-0.22939463704328372;1.515903418009035;-2.216283005665623;0.5555697413936201;0.2512018835953358;-0.6025604899803585;0.4100432140056949;0
497;-2.553258407613496;-0.7639004851777264;-1.6094031180159056;0.059927868304773854;0.5058450058054511;0.21379696121766856;0.09832558170207056;0
498;3.7157051034634034;-1.0586862195140547;0.521953563021021;1.3970017644327692;0.3686144020674757;-1.1046105008956228;0.6344600026623601;1
499;5.094841843796653;-2.01920783405077;-0.7093696957160737;-0.08279495368838322;0.383816900321348;-1.4479359134646612;-0.5734944798868196;1
500;-0.6006161135559811;-0.8384546630132859;-0.6870419696538242;1.1553338097876917;0.9824326045999304;-0.8532305262770329;0.7055308873756604;0
501;2.7903998294337877;3.3855607718235587;-0.75307632249581;-1.3331817382369198;-1.5855316171887082;-0.5084176413480798;0.20716268823832754;1
502;-1.4087712143990492;1.505770592146536;-0.3538960174328301;1.121740703901648;-1.811670292108115;-0.24214538295588656;-1.046158522865476;0
503;7.259178840793032;-5.495735719287872;1.9109258819794421;1.895716656468269;0.3963779211378558;0.0663914233684428;1.1539848648983237;1
504;1.2988665487860722;7.729852801544611;-0.6889146563006613;2.8927274038704316;-2.0153548762958597;-2.2028561029819955;1.0259971745694394;0
505;1.0766932756334762;8.29477544877513;0.4341924584367519;1.954189816109451;-1.395872022571006;-3.5118781935491103;0.6047923820505174;0
506;-1.2497605247720465;1.5956838545110172;-1.3564745816389767;0.12626747824587686;0.02342007499167995;-0.48514958070858955;-0.1360701868873912;0
507;-1.256928405619013;4.117186681519058;-0.412729770606685;1.0541736695540527;-1.1395269602231015;-1.9490429127323912;0.4886229899422456;0
508;-1.1665352144776233;-1.6656937357126111;-0.7378780075700786;1.7621671166061923;0.7383522713562775;-0.8347113634999419;-1.410127575083646;0
509;4.094142557240372;2.8029272496079365;-0.5074334200447622;-1.977318407828371;0.13282518062529966;-1.603521483613614;-1.0542960494736486;1
510;-1.8876392413595002;1.672191738728832;0.11979761539481604;1.2182151966096895;2.5680699127017705;0.25389178988506717;0.5477366493119411;0
511;-2.7674357028460452;-2.161048795022418;-0.021096169201027425;1.6102757342970087;0.7163787006179945;0.03300896119324155;-0.87606726479585;0
512;2.2269944892059623;1.9416347590165712;-2.28560349805942;-0.3398606819284185;-0.5368573156700092;-0.13682050439173285;0.39326334915677963;1
513;-1.131576890745015;-1.4110019654201065;-0.5650531256557204;1.9949607161439242;0.5284875674651501;0.07255810834748273;-0.1759690269873947;0
514;-0.7337724522411088;-1.9436971834232457;-0.27523619994189674;-0.3378231464550354;0.6609911481959742;-0.7743052229101446;-0.145596672958833;1
515;-2.3336707368113814;0.7901466072892569;-0.35004340710994264;0.4408595584394466;-1.4225501718393925;0.04664905754608928;-1.0014034552842856;0
516;2.697223754399564;-1.94370994576785;-0.9605644482176613;0.4595086523698202;-0.5844984180363728;-0.4917255087100624;-0.5172086090102785;1
517;3.3790146677223865;-2.3334289449619283;-1.201932179440052;0.5536129522146844;0.5278808022106899;-1.0185728262732483;-0.02613146449366839;1
518;-0.199870580141531;1.0763600031270562;-0.673148831189975;0.6284454996421625;-0.8402504078527248;-1.2875018007427428;0.7487130684225466;0
519;-1.1760259132353255;1.011370177730233;-0.7117683065044708;1.0660684567937722;-1.421900927323561;-0.2654395854290268;0.19444543344817156;0
520;-1.2926365392815595;4.964224702132633;0.3459270200692515;2.240534883405191;-3.840529889481232;-0.5486177127702115;-0.8147889838808188;0
521;8.630755859096041;-3.4594519150760776;-0.17905679264440408;1.177164070001329;-0.022905287059546548;-0.00669102803391561;0.9620201295901388;1
522;-4.429456371065781;-0.7860360357018064;-0.47341909282114597;-0.6966169884521314;0.10380442443058895;0.09718106670790605;0.7225180039289684;0
523;-0.6198387404461226;0.6363492701041001;-0.4888512495026519;-0.015154457556360254;-0.10640665720497243;-0.6007163651402847;0.1393092783572163;0
524;-3.2523157686120343;1.2859251612593714;-0.21847648787760532;0.3078082325541617;-0.09942903763667016;-1.4031994931206604;0.9536158271792416;0
525;-3.352927053536589;2.6733005977197846;-1.7790870790675322;1.3895859891178914;-0.3544411029677152;-1.2112738742812028;0.8167571416483593;0
526;-0.8598029860026019;0.09684852260130475;-2.814044725780028;0.18432389798722373;-0.6300753849728918;-0.36503918651045;-0.046256743439249216;0
527;-3.156621968682841;-0.8715426236404188;-2.1957147876623466;1.4498676230025371;0.4314358754457831;0.3260571134045346;-0.09453354557089802;0
528;0.34652811320840793;1.5412252758019345;2.846454005159919;1.9098114714040921;-0.5718343645736201;-1.6874945063371904;-1.7124115855904296;0
529;-2.461406650924497;0.6008479692253264;-1.171465136577614;2.211053932193848;-0.6919118933802728;-0.8526901430616943;-0.028873966144881455;0
530;-1.5301007215874451;0.40521778929245506;0.604464741484411;-0.34717148469445014;-0.7860472762929864;-1.1021305908391787;0.08702829372580458;0
531;-1.7735850660605668;0.8042100123847649;-2.0279180424690937;-0.6873331774435516;-0.6160920316421153;-0.2893278687590213;0.4734528693407153;0
532;-2.6804416239658644;-1.4847089005284775;-1.7416933808912207;1.0234906130765566;0.2974687520493309;-0.1980777643973772;0.4341312620839898;0
533;4.0284352610742165;-2.9414300980113075;1.6594853954200781;0.22516730275648386;-0.513594739617389;1.936222548091278;-0.7282261749645262;1
534;-2.1363512285988726;1.5185806390194982;0.17896523310853055;-0.5007767122095949;0.683047444139339;-1.5516758291544575;-0.7183276585745348;0
535;5.165410948305187;-2.3822032315181296;-0.4222772813046223;0.8834276167280714;-0.2094081510784392;0.5792299830560967;-0.54348800845343;1
536;0.5359319494274813;0.3807151456363177;-0.4431347814502496;-1.8793719186877014;0.2268694166511364;-0.5238389673502759;-1.1505709678411038;1
537;0.34312338294289096;3.534481051993178;0.06966880121661849;-1.5506703478482657;-1.95692085900396;-2.339517912280492;-0.4835065912170998;0
538;-4.197079986345908;2.3673922830225336;1.3271447307861768;-2.0395039581265855;-1.7619167368984792;0.042429007261827564;2.1687554096842603;0
539;-1.1428318645966047;5.599458470260663;1.3010370177249921;-2.188249659127563;0.7655746716815731;-1.1592267478181413;0.1915351901786853;0
540;-1.6654751532170782;2.389618124802719;1.502249440730465;0.8759511409652879;0.4845455728032736;-1.1895181860481892;-0.6777554020434655;0
541;1.011712495730092;1.0923896495493235;-0.6326983810409968;-1.7585184225129933;1.0468264439985608;0.42589470887014763;0.39828597261459076;0
542;-1.3009297119683678;-1.8214153018192933;0.3733074981288254;-1.8481689466301137;0.19962707048542827;0.7657543373053429;-0.4667152033650225;0
543;-2.373428725009619;-1.6815762381895418;0.3845281407178177;-3.0167286399481448;-0.038246655548415366;0.06881354646928085;-0.41522251873748683;0
544;-1.6658710117954176;-0.21396274009249666;-0.14807242209830926;-0.19705174829186514;0.5564802542524677;-0.9315821530159156;0.5243195200898443;0
545;-1.9276781923709825;-1.1377399160440176;0.4782022974938427;-1.1575004013591466;-0.2023419085051319;0.11489826961130013;-0.11625493665615706;0
546;-4.237216617940864;0.18427249696751039;-0.32641840655033527;0.5883033317855128;-0.7046267903380989;-0.1460912627924283;0.25985713468835275;0
547;-2.6778707208422836;2.3157928229760074;-0.05384820591978229;0.3404496533358156;0.4506481566306475;-0.6783477095897283;0.06410094064588134;0
548;-3.8364978517958335;0.4962499285509447;0.9232396859792167;-0.5518716714542057;0.08003558329283147;-0.1126688212877022;0.4744866104899581;0
549;-2.551440295950187;0.2283299574366767;1.414178011794511;-1.9707898183222974;-1.456325124380186;0.8555217746435493;1.0219210096335531;0
550;-4.694923445156691;-0.767477944064931;1.5439648405352429;-0.7790190185760191;-0.784896979415454;0.8513735571344755;0.7526680967058758;0
551;-2.0250371641270752;1.2612419002369109;0.5049260938423042;-1.1355273912276993;-0.11426263232775057;1.7847769636270614;0.3904953244902975;0
552;-2.895948205518766;-1.451635764400855;0.7805459976049581;-2.9704481982243247;-0.3571499568580613;-0.5832026074026387;-0.6184118265391726;0
553;-3.502201040543783;1.800832492222849;2.7664566396923247;-0.8663072825209789;-0.6253646906178557;0.4122696037577587;-0.30766602333976956;0
554;-2.1539036673959546;-0.8300688184730398;0.5647967241587235;-3.011755927536572;0.5658252895799347;-0.5504027048454844;-0.4844054412012761;0
555;-2.055084067991248;1.616459267996393;1.8389594650896295;-3.113534975315591;0.21104266363660207;-1.64180623162218;-1.0888529250986698;0
556;-3.8772895793977944;1.0842547444977888;1.8599439096396604;-0.43373967006559483;-1.6874387933642643;-0.8148926835952682;-0.471073898564392;0
557;-4.0638621147280745;0.12216843521676986;3.2387726471757943;-3.4691829509849392;-2.241908073167684;0.17490914832453097;1.0772541424198294;0
558;-0.09866733268842796;-0.21355983833068504;0.38892946415947455;-1.012710525077488;2.9890677499919844;0.012452208093482459;-0.29025697120603977;0
559;-1.089376190070134;1.2928478982612048;1.4293788856272942;-3.3721364571237933;0.9473415671793769;-1.7258698723296;-0.35397481912986417;0
560;-0.481770964847456;-0.17801969111679083;1.032107582308015;-2.010280187379831;0.3271031744572485;-0.9920622853725434;-0.04854568307912905;0
561;-4.870309518087022;-2.1311061074865663;3.414188781279047;-5.133988306252546;-0.48892077687331104;-1.110792335172379;0.4883712147859706;0
562;5.917612589142676;3.4826366590611273;-3.2627916858890598;-3.9175854449932803;1.716382162429201;1.0135989310390634;0.27144238695818856;1
563;8.741338077267798;-0.5738546724065836;0.8970900979949544;0.3851499084660265;0.6790432787353587;-0.30075277356569463;0.0948243836398995;1
564;6.439315483954041;-3.576817444014348;2.459486559392159;1.177314050605757;-0.07482429488197867;-2.3751929340845828;-0.5961296776392159;1
565;3.793382370032729;-3.584047863942085;2.088476389587591;-2.506027755260136;-0.5107225246989028;-0.24671010941047897;-0.716326339581314;1
566;1.2561792761502493;-1.9022967130754436;0.5627305255654649;-2.08922702220913;1.809991331037118;-0.5344471888364416;-0.19275822828687797;1
567;10.374794059769835;1.672010105336679;-1.8770293302249201;-2.3560311281936728;-0.03374193156469723;0.5679364748431843;0.22308167182645833;1
568;-5.475243302544343;-0.670636790757351;1.4904430808346623;-2.299157138525299;-0.18470330897728798;1.617837363144386;1.6989515570198273;0
